"tritest2" <-
structure(list(x = c(0.00182557026855648, 1.09008186766878, 0.439006089419126, 
0.217590481042862, 0.918827236816287, 0.500584695814177, -0.0582296022213995, 
0.93419492659159, 0.321745442505926, 0.564210274303332, 0.585321340430528, 
0.256471335934475), y = c(-0.0398656962905079, 0.0804121641907841, 
0.237465283274651, 0.456804756075144, 0.463773064687848, 0.820173017913476, 
0.951540340390056, 1.00809250259772, 0.415431789821014, 0.359131115209311, 
0.663521218951792, 0.583598325308412)), .Names = c("x", "y"))
