tritest <- list(x=c(0.0,1.0,0.5,0.15,0.85,0.5,0.0,1.,0.35,0.65,0.65,0.35),
                y=c(0.0,0.0,0.15,0.5,0.5,0.85,1.0,1.,0.35,0.35,0.65,0.65))
